[gd_scene load_steps=9 format=3 uid="uid://dbwvr8c2pki2g"]

[ext_resource type="Script" path="res://Scripts/FateEntities/GCharacter.cs" id="1_i4lts"]
[ext_resource type="Script" path="res://Scripts/SceneLoader.cs" id="2_364il"]
[ext_resource type="PackedScene" uid="uid://bagfi3vcifxfg" path="res://SceneComponents/CombatGui.tscn" id="3_v6vu2"]
[ext_resource type="Script" path="res://Scripts/Systems/GCombatSystem.cs" id="4_eff3x"]
[ext_resource type="Script" path="res://Scripts/Systems/GDependencyProvider.cs" id="5_yh6xx"]

[sub_resource type="BoxMesh" id="BoxMesh_x04k0"]

[sub_resource type="BoxShape3D" id="BoxShape3D_2und5"]

[sub_resource type="BoxShape3D" id="BoxShape3D_sl1n1"]

[node name="CombatScene" type="Node3D"]

[node name="SceneLoader" type="Node" parent="."]
script = ExtResource("2_364il")
SceneFile = "res://Scenes/CombatSceneDemo/CombatScene.json"
SceneIndexFile = "res://Scenes/CombatSceneDemo/CombatScene_Index.json"
ActionIndexFile = "res://Scenes/CombatSceneDemo/CombatScene_ActionIndex.json"

[node name="DependencyProvider" type="Node" parent="."]
script = ExtResource("5_yh6xx")

[node name="CombatSystem" type="Node" parent="."]
script = ExtResource("4_eff3x")

[node name="Camera3D" type="Camera3D" parent="."]
transform = Transform3D(1, 0, 0, 0, 1, 0, 0, 0, 1, 0, 1.32298, 7.01867)

[node name="DirectionalLight3D" type="DirectionalLight3D" parent="."]
transform = Transform3D(-0.323216, -0.906469, 0.271745, 0.494486, 0.0830586, 0.865208, -0.806855, 0.414024, 0.42139, -6.37184, 5.51448, -1.0648)

[node name="CombatGui" parent="." node_paths=PackedStringArray("SceneLoaderNode", "Camera3DNode") instance=ExtResource("3_v6vu2")]
SceneLoaderNode = NodePath("../SceneLoader")
Camera3DNode = NodePath("../Camera3D")
Allies = PackedStringArray("Larry")
Enemies = PackedStringArray("Aiden")

[node name="Larry" type="Node3D" parent="."]
transform = Transform3D(0.986002, 0, -0.166734, 0, 1, 0, 0.166734, 0, 0.986002, -3.39268, 0, -1.85397)
script = ExtResource("1_i4lts")
CharacterName = "Larry"

[node name="LarryMesh" type="MeshInstance3D" parent="Larry"]
mesh = SubResource("BoxMesh_x04k0")
skeleton = NodePath("../..")

[node name="CharacterBody3D" type="CharacterBody3D" parent="Larry"]

[node name="CollisionShape3D" type="CollisionShape3D" parent="Larry/CharacterBody3D"]
shape = SubResource("BoxShape3D_2und5")

[node name="Aiden" type="Node3D" parent="."]
transform = Transform3D(-0.732804, 0, 0.680439, 0, 1, 0, -0.680439, 0, -0.732804, 3.23104, 0, 0.289989)
script = ExtResource("1_i4lts")
CharacterName = "Aiden"

[node name="AidenMesh" type="MeshInstance3D" parent="Aiden"]
transform = Transform3D(0.999999, 0, 0, 0, 1, 0, 0, 0, 0.999999, 0, 0, 0)
mesh = SubResource("BoxMesh_x04k0")
skeleton = NodePath("../../Larry/LarryMesh")

[node name="CharacterBody3D" type="CharacterBody3D" parent="Aiden"]

[node name="CollisionShape3D" type="CollisionShape3D" parent="Aiden/CharacterBody3D"]
shape = SubResource("BoxShape3D_sl1n1")
